Start Sampling
9.3996509910267
10.152437131102
9.327073754195
9.6949952509929
9.3371205966913
8.4109313418515
10.758322815364
12.191330238787
10.56865142173
9.593005568336
8.2484969654844
9.3068458072706
8.1809908614445
8.6319562934777
9.4231691737992
11.425188988974
11.779632534311
9.3758720803357
10.770465064369
9.7042749808357
9.4241862554795
9.4287539871452
11.18520329074
11.336848389056
9.3287308037218
9.7700740330606
8.6924136399437
10.347310166338
10.68107641229
10.304078550652
10.249292864274
8.9574442952743
10.176671861367
8.2875786104259
10.322998825258
8.0289401069348
10.082554940825
9.746130014125
11.493759660182
9.9599014680205
10.110829910083
11.456925463585
10.545263389903
9.2403737866286
10.490209245551
8.9894245286046
8.5035765731897
10.683390704135
10.167537303886
9.0857070618709
10.331057557294
9.5761319413985
8.8627952005546
10.037669545355
8.9719887827224
8.9170247808132
9.1588953656144
9.5607864073924
10.896621059643
9.841160042873
8.6641032221932
9.8169600225491
8.587289777674
9.9968419485664
9.4094957156708
10.47459520972
9.6186098209653
8.5957986647521
9.0647363329606
9.7627735562127
8.5454495661855
9.6631482063805
9.4033661599949
9.3820320225219
10.110140995929
8.8977099936736
10.296391625532
9.6912789021662
10.270136657267
8.616995784253